982498226652794880,8
982493272793862144,8
982488264694222848,8
982482446871605248,8
982478653945675777,8
982099665863806978,8
982061145984028673,8
981635229881270272,8
980778332651511808,8
980984272772313088,8
980963869303754754,8
980462045798608897,8
956268639040061440,8
802717888423415808,8
982458642652901376,7
982335930303332353,7
982471550459961344,6
975786806007484418,6
981927694119010304,6
982356907166924801,6
981882993609445377,6
982282456723144705,6
981424343245877248,6
981061444421775360,6
973763179623997445,6
982366596730703872,5
982224732668882946,5
982224732668882946,5
981724606124953605,5
981723688599982080,5
981722931452633088,5
982189841508065282,5
926527554118406144,5
981451325014708224,5
981289620523683842,5
981162951666053120,5
976196631086485514,5
982224003321421825,4
981722353112702976,4
981721523810721794,4
981720229079404544,4
982223344568156160,4
981719680154062848,4
981718860989681664,4
981718067070881792,4
982222623328227328,4
981717607312175104,4
981716860524744705,4
981716432907104257,4
982017311044440070,4
982009589544648704,4
981930518471168000,4
981267449717895168,4
980775148448960512,4
981198779146752002,4
980979204824207360,4
971877143675367424,4
979243173825470464,4
978383020091568128,4
977893881369976833,4
971486327404449792,4
972981011654078465,4
969804152523186176,4
969804152523186176,4
969798296616210432,4
968487283660939266,4
937980808781905920,4
982464951326355456,3
982115408843980801,3
982311484809273344,3
982272613845118982,3
981874996485083143,3
981874996485083143,3
982124536895176705,3
982184192552259585,3
982190050854109185,3
982234425592180736,3
982220456932470784,3
982196047593201664,3
982153717968326656,3
981974242521690112,3
981790543226265601,3
981790661086269440,3
981790812865486849,3
981792611341078528,3
981793277786624000,3
981793859314339840,3
981799198462038016,3
981799950454591490,3
981799990610792449,3
981800086555553792,3
981402890102280193,3
980844157043380225,3
980533653158719488,3
980151856226799617,3
980018980701302784,3
979739113979920384,3
979812701663911937,3
979564773259038720,3
979495922202759168,3
978575775208230912,3
978967872105078785,3
978659619898830848,3
978025172656705536,3
976312649041391621,3
975787244861538305,3
975691636704411648,3
973941432187834369,3
975691636704411648,3
973941432187834369,3
963688605288947714,3
959857583791067137,3
951229155068252161,3
958785950909325313,3
957223162760040448,3
952694909999435776,3
952990543922909184,3
938529703001931777,3
946344464875958273,3
941207187728228353,3
936214029705596928,3
893615670818086912,3
911637405647564801,3
933757365072961536,3
925501583017746432,3
917500316714594304,3
931588950925414402,3
932696509413457921,3
932770216601407488,3
933013364632182784,3
933002914221711362,3
933001359548444673,3
931534345080397824,3
928160107216736256,3
919213731300732928,3
772806652177375232,3
872901639123984385,3
871277397164863489,3
892091557951795200,3
982494121603489797,2
982468719686365184,2
952753662312534017,2
982345402904006656,2
982242813516509184,2
982241020665511936,2
982207179091423232,2
981537820912357378,2
981538197648920577,2
981911322181828608,2
981913697302937601,2
981865680029892608,2
981817499460218881,2
981815854680694784,2
981813681657872384,2
981487504649015297,2
981426411247423489,2
981373317083836417,2
981064878315180032,2
980524440378380290,2
980524529830252544,2
977811490731380736,2
979735835154108418,2
979724995441057792,2
951608829497634816,2
966701663280082945,2
977927490890027009,2
977803015083122689,2
976593738481983488,2
974977604871753728,2
975307784047726593,2
976033275373334528,2
975807947057098752,2
973600700377772032,2
973077621943754752,2
970980572179857409,2
970950882291535872,2
970317093500588032,2
969986660439126016,2
969890157292859392,2
964088691185606657,2
951372075725451264,2
950366761014063106,2
949551680990994432,2
946508532328882177,2
735099685262790661,2
931543704711544833,2
929718983057661952,2
663391669534990337,2
918132143695556609,2
912997303664955392,2
908099621934727174,2
558386624007258113,2
884672151026106368,2
878830701973356544,2
852417024085110784,2
757596700311781376,2
747687836388892672,2
734739132522565632,2
982237176233525256,1
982389394303676416,1
982389811724959745,1
982390555928739840,1
982390841065914368,1
982392323056091141,1
982392537053712385,1
982392984460132352,1
982390216877981696,1
982348415160889344,1
982349727562981376,1
982327443234152448,1
982291400375939076,1
982235645752913920,1
982235716280135682,1
981977408059461632,1
981960405777092608,1
981895617889828864,1
981880367509659649,1
981640880007368704,1
981239362959572994,1
974257431537577985,1
980742063560929281,1
980749406436839424,1
981441226929995776,1
981433680957669376,1
981311674329321472,1
979837869547175936,1
979770158066618369,1
970859623086510080,1
978639780471758848,1
979073611435859968,1
979074093554262018,1
978925052992266245,1
978482289385582592,1
978163523128717313,1
978482289385582592,1
978163523128717313,1
978113522600067073,1
977892875009773568,1
977743785382703105,1
977624333802725377,1
977188587014885376,1
977237546697572352,1
977160703084781569,1
977160539859189760,1
977131976992935936,1
976919502762934273,1
976198026372026368,1
976841161657737216,1
976842453209804801,1
974216007920340992,1
976595083758891008,1
976467820266442752,1
966703920591572994,1
974556605470597121,1
975078196650676225,1
974897852580352000,1
973076132504334336,1
974473059569676288,1
974823722883395586,1
974823203930624001,1
974077323610935297,1
973922250528362497,1
974806945659084800,1
974686929827475456,1
973931932823191553,1
972514828429410304,1
972021949504282625,1
971379155337138176,1
971378953603764224,1
971378425863790592,1
971378731976744960,1
972083653420470274,1
969727360554754048,1
970013951860748288,1
970075706502930434,1
971754024306290689,1
971753600157343746,1
965579556089483265,1
971016611825102848,1
971076256187011072,1
971205068363091973,1
970801632702119936,1
971021922816245760,1
969816837637615617,1
970308247365345281,1
911885950023856128,1
970305216422739968,1
970011055463247872,1
969458804927713282,1
968794458522238976,1
969144413954957312,1
969092697154781186,1
969010495154831360,1
969010653590568960,1
968815500728791040,1
968786860544876544,1
968778396418195456,1
968478329698439168,1
801039153546883072,1
968389745016475648,1
968075322598895616,1
968015406957871104,1
967533539808960513,1
966703591951163392,1
966683900591443968,1
966584226526081024,1
966683900591443968,1
966584226526081024,1
965519960616374277,1
966187169642663937,1
959489135840038914,1
959532084372090881,1
962976036416835584,1
962018997532164099,1
960349762494042112,1
959804569709629441,1
959804574507945984,1
959776831032479744,1
958647606741258240,1
958646982595268609,1
958641593589862400,1
958277107267842048,1
958274964909645824,1
958273911556333568,1
953029999942098944,1
956637230201786375,1
958643179443630080,1
957763994185535489,1
958420819511861254,1
957052262022397952,1
898549349981999104,1
896674400686223360,1
952655744796647425,1
899266931198480384,1
952346672142708738,1
950627579987243009,1
950245976765165569,1
949192497405841408,1
658158405597667328,1
942206953262022656,1
658158217776771072,1
658158545322512384,1
658158919307644928,1
658159154478120960,1
658159531491532800,1
942066442387755009,1
942141195404369921,1
945331380027908096,1
945116704635539457,1
944163826651619328,1
935835389927002112,1
944163826651619328,1
935835389927002112,1
939462908316213248,1
943249834865197056,1
943106627984650240,1
940244198237843457,1
940132536013017088,1
938640653021478912,1
938380993811111936,1
937474153917112320,1
936647108995686400,1
934864278162759680,1
934353685055975424,1
930893867896987648,1
932786806969585670,1
930825347809075200,1
930726088506073088,1
931106298480988162,1
928374942789386240,1
888517668529205249,1
925014950698872832,1
925014349810352130,1
925013746728165376,1
925013121353183233,1
925012443515908097,1
925011692878041088,1
