978275321253306369,8
978409932029652993,8
978456993579978752,8
978413004571070464,8
978410873663512576,8
978275850192736256,8
976143897310015488,8
948973345319645184,8
972847714777075712,8
956268639040061440,8
973299190129397761,7
978573033534377984,6
978475791750070272,6
978289719258660864,6
973763179623997445,6
978154233714413569,5
978163936334893057,5
977732148710068224,5
976196631086485514,5
976157792154382338,5
978563775480651777,4
978512946589351936,4
978297840463155200,4
977893881369976833,4
975944601365286913,4
976629594198564865,4
976722655540686849,4
948027199650660352,4
949765547448729601,4
952676616198606848,4
954746059011575808,4
957476608746672128,4
960210285964480512,4
962723460542812160,4
965001977154473985,4
966463256335388673,4
968894199155298306,4
971737123685531648,4
974735660618866689,4
972981011654078465,4
937980808781905920,4
927934089155379200,4
927931867772329984,4
978583876711997440,3
978485519628849152,3
978537864400195584,3
978507485072973824,3
978347167483019265,3
977764786678255617,3
977705881327587329,3
977624333802725377,3
976708135636357120,3
977117288813027328,3
976503516255567873,3
976444477295419394,3
976312649041391621,3
975787244861538305,3
975691636704411648,3
973941432187834369,3
973252409769132032,3
971201396447072256,3
970204903409946624,3
969561089292886018,3
964826403387658241,3
964809232309727232,3
963688605288947714,3
959857583791067137,3
951229155068252161,3
958785950909325313,3
957223162760040448,3
952694909999435776,3
952449655677349889,3
952990543922909184,3
938529703001931777,3
946344464875958273,3
941207187728228353,3
936214029705596928,3
893615670818086912,3
911637405647564801,3
933757365072961536,3
925501583017746432,3
917500316714594304,3
931588950925414402,3
932696509413457921,3
932770216601407488,3
933013364632182784,3
933002914221711362,3
933001359548444673,3
931534345080397824,3
928160107216736256,3
919213731300732928,3
822163429024813058,3
772806652177375232,3
872901639123984385,3
871277397164863489,3
892091557951795200,3
978582051031982081,2
827645489952718850,2
978472811730632705,2
978405873440747521,2
975456228854943745,2
978254033822470144,2
965014212534767616,2
977927490890027009,2
977890458905952256,2
977602163999461376,2
974575675901448192,2
974574867814191105,2
977131976992935936,2
977013373190553601,2
976919502762934273,2
976595083758891008,2
976593738481983488,2
976019220634001410,2
1973791400,2
972764513282879489,2
969913424619585536,2
967846844041760768,2
957014104471842816,2
950366761014063106,2
949551680990994432,2
946508532328882177,2
918132143695556609,2
912997303664955392,2
908099621934727174,2
558386624007258113,2
884672151026106368,2
878830701973356544,2
852417024085110784,2
978544189368623104,1
978580883056791552,1
978583083019628544,1
978482289385582592,1
978379549279997953,1
978379586550616065,1
978379642036989953,1
963509571464638464,1
978346240680210432,1
978303700883173376,1
978295988002738176,1
978228182787788802,1
978224129991049216,1
978223836033265664,1
978223572375166976,1
978223369488224256,1
978223082547568641,1
978222784273833985,1
978222611757916160,1
978222414436876288,1
978222197822054400,1
978221853092098048,1
977979179768733696,1
977964136125681665,1
978112713565065216,1
978113522600067073,1
977995610321285120,1
977892875009773568,1
977890925056634880,1
977578375190589445,1
977415410361491456,1
977344256208642049,1
977313797005348864,1
977188587014885376,1
977237546697572352,1
977202133555609600,1
977160703084781569,1
977160539859189760,1
974319558616993792,1
977044835260555265,1
976969172583301120,1
976198026372026368,1
976875171318517762,1
976841161657737216,1
976842002900844544,1
976842453209804801,1
976669325309259776,1
886437019035066368,1
974216007920340992,1
976467820266442752,1
976364463816368128,1
976162210169925632,1
976113858346672129,1
975282520798380033,1
975265396805824513,1
975262956853366785,1
975260631308865536,1
975078196650676225,1
975054778270191616,1
975026418064285697,1
974897852580352000,1
973076132504334336,1
974473059569676288,1
974823722883395586,1
974823203930624001,1
974077323610935297,1
973922250528362497,1
974806945659084800,1
974686929827475456,1
974584570262708224,1
974587867736371201,1
973931932823191553,1
972532507072651264,1
972514828429410304,1
972480100288679937,1
969727360554754048,1
970075706502930434,1
971754024306290689,1
971753600157343746,1
965579556089483265,1
971016611825102848,1
971400219077283840,1
971333427399192578,1
971330675109343232,1
971281628772425728,1
971076256187011072,1
971205068363091973,1
970801632702119936,1
971021922816245760,1
970308247365345281,1
970596647754436608,1
911885950023856128,1
970305216422739968,1
970011055463247872,1
969628755776888832,1
931249447316742145,1
775246490109435904,1
969458804927713282,1
968794458522238976,1
969144413954957312,1
969036184730128389,1
969036181752205313,1
969010495154831360,1
969010653590568960,1
968815500728791040,1
968786860544876544,1
968778396418195456,1
968478329698439168,1
801039153546883072,1
968389745016475648,1
968075322598895616,1
967533539808960513,1
966683900591443968,1
965519960616374277,1
959489135840038914,1
959532084372090881,1
961060534090022912,1
962976036416835584,1
962018997532164099,1
960349762494042112,1
960627678557720576,1
960627665169461248,1
959804569709629441,1
959804574507945984,1
960331797958742017,1
959776831032479744,1
953029999942098944,1
956637230201786375,1
957763994185535489,1
958420819511861254,1
957052262022397952,1
898549349981999104,1
896674400686223360,1
954695676301987840,1
899266931198480384,1
952346672142708738,1
950627579987243009,1
950245976765165569,1
949192497405841408,1
945622122210217984,1
658158405597667328,1
942206953262022656,1
658158217776771072,1
658158545322512384,1
658158919307644928,1
658159154478120960,1
658159531491532800,1
942066442387755009,1
942141195404369921,1
945331380027908096,1
945116704635539457,1
944879453167083520,1
944871166359023617,1
944163826651619328,1
856987290677235712,1
935835389927002112,1
939462908316213248,1
943249834865197056,1
943106627984650240,1
943104955677839360,1
940132536013017088,1
556241628110024705,1
939319889541689351,1
938640653021478912,1
938380993811111936,1
937474153917112320,1
930608783226736640,1
934864278162759680,1
930893867896987648,1
934021055454367744,1
932786806969585670,1
932531485164351489,1
931426167764250624,1
930825347809075200,1
568400034808659968,1
907187569351303168,1
608403394978541568,1
574721731136352256,1
931149393742331904,1
931106298480988162,1
888517668529205249,1
924682944890912768,1
924614340635955200,1
923231709537165317,1
919578287093010432,1
920426919153295362,1
919138759819649024,1
913221541948739587,1
912147395332444167,1
911358118658957312,1
911357112059551744,1
907987297647206400,1
907987253158223875,1
907984436486164480,1
568378815233159168,1
558680577373900800,1
907867166812250112,1
907732711917412352,1
907813766091472896,1
871508593496948737,1
901996471700029442,1
863826129454583809,1
891694738058784768,1
885339284705689600,1
872552023379652610,1
857741547957309440,1
857175499180834817,1
850318537872867328,1
819024040627240960,1
722921926679658496,1
811363608231809024,1
773157156006821890,1
762437071990435841,1
774967890126704642,1
739327694970716160,1
560571800695099392,1
