975871165859352577
976349249892995073
976191696902983681
974493093092347904
976211250874068992
949984516126531585
976193831996620800
974679336807739392
976140763389136897
972847714777075712
943249834865197056
976191696902983681
976349249892995073
982494121603489797
945331380027908096
974493093092347904
943106627984650240
976211250874068992
975871165859352577
982392984460132352
949984516126531585
976193831996620800
976140763389136897
974679336807739392
972847714777075712
943249834865197056
982494121603489797
945331380027908096
943106627984650240
982392984460132352
975871165859352577
976349249892995073
976191696902983681
974493093092347904
976211250874068992
949984516126531585
976193831996620800
974679336807739392
976140763389136897
972847714777075712
945331380027908096
819024040627240960
943106627984650240
943249834865197056
686186536014983168
944871166359023617
739327694970716160
531424741861502976
974257431537577985
907813766091472896
945331380027908096
819024040627240960
943106627984650240
943249834865197056
686186536014983168
944871166359023617
739327694970716160
974257431537577985
907813766091472896
739327694970716160
945331380027908096
819024040627240960
686186536014983168
966187169642663937
819024040627240960

987294794375450626
